1.000000000000000000e+10 0.000000000000000000e+00 0.000000000000000000e+00 0.000000000000000000e+00
1.258925411794166183e+10 0.000000000000000000e+00 0.000000000000000000e+00 0.000000000000000000e+00
1.584893192461110878e+10 0.000000000000000000e+00 0.000000000000000000e+00 0.000000000000000000e+00
1.995262314968882751e+10 4.946442062364607005e-16 4.946441995073912917e-16 6.729069428974133616e-24
2.511886431509582138e+10 6.103240052156598577e-12 6.103238040436308442e-12 2.011720290631271993e-18
3.162277660168379211e+10 1.124550360577419465e-08 1.124545480883322370e-08 4.879694097134435575e-14
3.981071705534969330e+10 3.203062961715436728e-06 3.202950513580572931e-06 1.124481348641171403e-10
5.011872336272714996e+10 1.516679581963855685e-04 1.516388731982201113e-04 2.908499816544956393e-08
6.309573444801942444e+10 1.423219745934631861e-03 1.422148790874999636e-03 1.070955059632368248e-06
7.943282347242822266e+10 4.045800043327696903e-03 4.037055681765788252e-03 8.744361561909040295e-06
1.000000000000000000e+11 6.905561271623158158e-03 6.873660296892243615e-03 3.190097473091422429e-05
1.258925411794166107e+11 1.084482006971027382e-02 1.075727187462046514e-02 8.754819508980997108e-05
1.584893192461110840e+11 1.655961729881044037e-02 1.635175902870040360e-02 2.078582701100350615e-04
1.995262314968882751e+11 2.389601068310043958e-02 2.346026771344525766e-02 4.357429696551840849e-04
2.511886431509582214e+11 3.157528452864870327e-02 3.076835381458729174e-02 8.069307140614141380e-04
3.162277660168379517e+11 3.795654271064930613e-02 3.662563191930877371e-02 1.330910791340536321e-03
3.981071705534969482e+11 4.224184558169324227e-02 4.024859170495979216e-02 1.993253876733451415e-03
5.011872336272714844e+11 4.450192904764281587e-02 4.173550980131685711e-02 2.766419246325962228e-03
6.309573444801943359e+11 4.516117060024140567e-02 4.154430504819021930e-02 3.616865552051187239e-03
7.943282347242821045e+11 4.467747272753139903e-02 4.016757849891416932e-02 4.509894228617227982e-03
1.000000000000000000e+12 4.343334030574279303e-02 3.801993601896749841e-02 5.413404286775293749e-03
1.258925411794166260e+12 4.171874220732801203e-02 3.541840201441015523e-02 6.300340192917852460e-03
1.584893192461110840e+12 3.968136290645662978e-02 3.252933177018208638e-02 7.152031136274539062e-03
1.995262314968882812e+12 3.753909657086938745e-02 2.958709625512039726e-02 7.952000315748984985e-03
2.511886431509582031e+12 3.539379421685209109e-02 2.670290782297764925e-02 8.690886393874441840e-03
3.162277660168379395e+12 3.331034188032434146e-02 2.394638358903534991e-02 9.363958291288998481e-03
3.981071705534969238e+12 3.133081807433039240e-02 2.136065767816210451e-02 9.970160396168286157e-03
5.011872336272714844e+12 2.947872093628072301e-02 1.896777644002119873e-02 1.051094449625951908e-02
6.309573444801942383e+12 2.776691537137826807e-02 1.677729468599003029e-02 1.098962068538823951e-02
7.943282347242821289e+12 2.619915293572278731e-02 1.478863388490902001e-02 1.141051905081376730e-02
1.000000000000000000e+13 2.477432225995387580e-02 1.299572054404410544e-02 1.177860171590977036e-02
1.258925411794166211e+13 2.348735580275614077e-02 1.138835000828816030e-02 1.209900579446797873e-02
1.584893192461110938e+13 2.233104174178253756e-02 9.954217506335363841e-03 1.237682423544717372e-02
1.995262314968882812e+13 2.129692502263669587e-02 8.679991180793194400e-03 1.261693384184349800e-02
2.511886431509582031e+13 2.037574546928938232e-02 7.551878237680587601e-03 1.282386723160879385e-02
3.162277660168379297e+13 1.955822324792015621e-02 6.556428034519804979e-03 1.300179521340035123e-02
3.981071705534969531e+13 1.883507513709566095e-02 5.680603342065807318e-03 1.315447179502985363e-02
5.011872336272714844e+13 1.819739075642689760e-02 4.912134081627250390e-03 1.328525667479964721e-02
6.309573444801942969e+13 1.763672182545635361e-02 4.239594430411124451e-03 1.339712739504522743e-02
7.943282347242821875e+13 1.714511567663232899e-02 3.652417387742884491e-03 1.349269828888944624e-02
1.000000000000000000e+14 1.671521137086131453e-02 3.140952911910507416e-03 1.357425845895080842e-02
1.258925411794171406e+14 1.634022321100395136e-02 2.696424009138784130e-03 1.364379920186516507e-02
1.584893192461110938e+14 1.601393729607609312e-02 2.310891690549774294e-03 1.370304560552631709e-02
1.995262314968882812e+14 1.573070607763034714e-02 1.977217493474237465e-03 1.375348858415611185e-02
2.511886431509582188e+14 1.548541688342608760e-02 1.689004751165905328e-03 1.379641213226018293e-02
3.162277660168379375e+14 1.527346319961968291e-02 1.440543790751179455e-03 1.383291940886850410e-02
3.981071705534985625e+14 1.509071431765784781e-02 1.226757714520766316e-03 1.386395660313708388e-02
5.011872336272714375e+14 1.493348010958490610e-02 1.043146382098668031e-03 1.389033372748623742e-02
6.309573444801942500e+14 1.479847656518037437e-02 8.857333592069768649e-04 1.391274320597339804e-02
7.943282347242821250e+14 1.468279234050283780e-02 7.510159884344784226e-04 1.393177635206836046e-02
1.000000000000000000e+15 1.458385516581170785e-02 6.359175808564273592e-04 1.394793758495527919e-02
1.258925411794171250e+15 1.449939950469937219e-02 5.377427545374158539e-04 1.396165675016195450e-02
1.584893192461111000e+15 1.442743706392479730e-02 4.541370308191394149e-04 1.397330003310565810e-02
1.995262314968882750e+15 1.436622828821885155e-02 3.830490533845574063e-04 1.398317923483429620e-02
2.511886431509582000e+15 1.431425522283397145e-02 3.226956090466126352e-04 1.399155961378735664e-02
3.162277660168379500e+15 1.427019707008201493e-02 2.715303285318291528e-04 1.399866674155018573e-02
3.981071705534985500e+15 1.423290828700533341e-02 2.282157739517729866e-04 1.400469251305356058e-02
5.011872336272715000e+15 1.420139785945974398e-02 1.915977344180707124e-04 1.400980012504167253e-02
6.309573444801943000e+15 1.417481020439355886e-02 1.606819741612409069e-04 1.401412823023232002e-02
7.943282347242822000e+15 1.415240851765462576e-02 1.346138967210642719e-04 1.401779462093355987e-02
1.000000000000000000e+16 1.413356013745273483e-02 1.126606870819390685e-04 1.402089945037079607e-02
